0.5 4.414
0.6 4.579
0.7 4.677
0.8 4.823
0.9 4.894
1.0 4.95
1.1 5.076
1.2 5.207
1.3 5.242
1.4 5.326
1.5 5.485
1.6 5.53
1.7 5.715
1.8 5.567
1.9 5.726
2.0 5.765
2.1 5.988
2.2 5.852
2.3 5.893
2.4 5.983
2.5 6.035
2.6 6.124
2.7 6.019
2.8 6.263
2.9 6.177
3.0 6.341
3.1 6.263
3.2 6.378
3.3 6.51
3.4 6.402
3.5 6.471
3.6 6.442
3.7 6.37
3.8 6.469
3.9 6.738
4.0 6.674
4.1 6.603
4.2 6.683
4.3 6.617
4.4 6.816
4.5 6.915
4.6 7.044
4.7 6.955
4.8 7.063
4.9 6.914
5.0 6.95
5.1 7.043
5.2 7.051
5.3 7.018
5.4 7.18
5.5 7.102
5.6 7.026
5.7 7.128
5.8 7.308
5.9 7.188
6.0 7.149
6.1 7.181
6.2 7.351
6.3 7.333
6.4 7.481
6.5 7.308
6.6 7.338
6.7 7.347
6.8 7.495
6.9 7.411
7.0 7.531
7.1 7.399
7.2 7.676
7.3 7.591
7.4 7.602
7.5 7.59
7.6 7.718
7.7 7.752
7.8 7.676
7.9 7.737
8.0 7.648
8.1 7.811
8.2 7.843
8.3 7.809
8.4 7.738
8.5 7.827
8.6 8.016
8.7 7.849
8.8 8.002
8.9 8.005
9.0 8.009
9.1 7.861
9.2 7.917
9.3 8.018
9.4 7.992
9.5 8.128
9.6 8.084
9.7 7.901
9.8 8.039
9.9 8.19
